# Input file for NRG Ljubljana
# symtype 	QS
# Using sneg version 	2.0.7
#!9
# Number of channels, chain sites, subspaces: 
1 54 6
# SCALE 	1
# Energies (GS energy subtracted, multiplied by 1/SCALE):
-2 1
1
2.35043095768148
-1 2
2
0 4.32131801680924
0 1
3
0.497912333710414 3.10151806478215 6.3132307788907
0 3
1
1.97088705912775
1 2
2
2.82846871810446 4.73376150159732
2 1
1
5.59134316057403
# Irreducible matrix elements for Wilson chains:
f 0 0
6
2 1 1 2
-0.968120313009235622 -1.03089430085673661
1 2 0 3
-0.892780653158531834
0.838416784985740238
1 2 0 1
-0.820498245769921475 0.227718631745500583 0.0961305807727875772
-0.0986057387023231979 0.838093546617613372 -0.231434397395037433
0 3 -1 2
0.974161115196172211 -0.225854204388030194
0 1 -1 2
-0.791194073248082663 -0.0901721266468103189
-0.651779640476508826 -0.258205662230801936
0.0143303997561252672 -1.36901011754047852
-1 2 -2 1
-0.225854204388030194
-0.974161115196172211
# GS energy in absolute units:
e
-4.10088705912775
# Irreducible matrix elements for other operators:
sHimp
6
-2 1 -2 1
0
-1 2 -1 2
-2.02134844090733212 0.468639157107165805
0.468639157107165805 -0.108651559092667743
0 1 0 1
-1.30371905687500478 -0.795310298630502621 0.499557976183712671
-0.79531029863050251 -0.861091524681659504 0.417417325545131279
0.499557976183712671 0.417417325545131224 -0.225189418443334566
0 3 0 3
-2.12999999999999989
1 2 1 2
-1.25366476066887089 0.933157781865245006
0.933157781865245006 -1.13633523933112857
2 1 2 1
-0.259999999999999787
sHpot
6
-2 1 -2 1
0
-1 2 -1 2
0 0
0 0
0 1 0 1
1.60560731557549552 -1.94331031169623047 0.260767028068218165
-1.94331031169623047 2.35204145553566502 -0.315613444009324673
0.260767028068218165 -0.315613444009324673 0.0423512288888382091
0 3 0 3
0
1 2 1 2
1.87451388092220039 1.99605942644972156
1.99605942644972156 2.12548611907779916
2 1 2 1
4
sn_d
6
-2 1 -2 1
0
-1 2 -1 2
0.94898987836024995 -0.220018383618387714
-0.220018383618387714 0.0510101216397501195
0 1 0 1
1.36588092603309885 -0.538967142284379364 -0.112108426345302575
-0.538967142284379364 1.50851313625226502 -0.344145901199275128
-0.112108426345302575 -0.344145901199275128 0.125605937714635102
0 3 0 3
1
1 2 1 2
1.46862847023054988 0.499014856612430446
0.499014856612430446 1.53137152976944968
2 1 2 1
2
sn_d_ud
6
-2 1 -2 1
0
-1 2 -1 2
0 0
0 0
0 1 0 1
0.40140182889387388 -0.485827577924057619 0.0651917570170545413
-0.485827577924057619 0.588010363883916254 -0.0789033610023311682
0.0651917570170545413 -0.0789033610023311682 0.0105878072222095523
0 3 0 3
0
1 2 1 2
0.468628470230550098 0.499014856612430391
0.499014856612430391 0.531371529769449791
2 1 2 1
1
dA_d
6
2 1 1 2
-1.03089430085673661 0.968120313009235622
1 2 0 3
0.838416784985740238
0.892780653158531834
1 2 0 1
-0.500616933976220979 -0.48464947386386209 -0.52932347178682182
-0.257763888858967727 -0.104203259821123717 0.810563812021131369
0 3 -1 2
0.225854204388030194 0.974161115196172211
0 1 -1 2
1.04231919973308762 0.52863183020025839
-0.926191646413908387 0.806648727988434233
0.0687720753003654289 -0.347672747527780768
-1 2 -2 1
0.974161115196172211
-0.225854204388030194
dself_d
6
2 1 1 2
-4.12357720342694645 3.87248125203694249
1 2 0 3
3.35366713994296095
3.57112261263412734
1 2 0 1
-1.45292543191842016 -1.11647806517219417 0.625709342361471466
-1.54713471787284251 -1.18887173314231576 0.666281025576522579
0 3 -1 2
0 0
0 1 -1 2
3.49136659902946 -0.809455246314105703
-4.22569618859383311 0.979705754800324624
0.567033597252407429 -0.131463799951546695
-1 2 -2 1
0
0
sSigmaHd
6
-2 1 -2 1
0
-1 2 -1 2
1.8979797567204999 -0.440036767236775428
-0.440036767236775428 0.102020243279500239
0 1 0 1
2.7317618520661977 -1.07793428456875873 -0.224216852690605151
-1.07793428456875873 3.01702627250453004 -0.688291802398550256
-0.224216852690605151 -0.688291802398550256 0.251211875429270204
0 3 0 3
2
1 2 1 2
2.93725694046109975 0.998029713224860893
0.998029713224860893 3.06274305953889936
2 1 2 1
4
z
54
3.456123661271128
16.96224986232501
17.45702244535527
6.407187103400565
10.520751104022
6.042656696983929
4.256676336789432
3.039492968998458
2.263701715084833
1.1153255713204
0.530911780686952
0.5771352554443014
0.3950445003297413
0.2845798864650865
0.2121605693082229
0.1516462890445402
0.1073743138096682
0.07512173426151875
0.05239147175459083
0.03653928143041351
0.02556800991570969
0.01794902218561673
0.01263584753553929
0.008912235889521286
0.006293041821566325
0.004446511262598944
0.003142894948993806
0.002221889369514531
0.001570933219320312
0.001110753474206392
0.0007853943565965572
0.0005553505767055575
0.0003926874672820075
0.0002776714571425646
0.0001963432567875811
0.0001388353747052822
9.817110922647302e-05
6.941756380863051e-05
4.908549383394285e-05
3.470881084962847e-05
2.45427451591092e-05
1.735439736404579e-05
1.227141929816291e-05
8.677195739010307e-06
6.135701764069719e-06
4.338592637984778e-06
3.067847022173764e-06
2.16929529262004e-06
1.533923400036288e-06
1.084647640509924e-06
7.669616997959322e-07
5.423238201885013e-07
3.834808498893073e-07
2.71161910083585e-07
1.917404249444693e-07
54
1.750456101446272
-1.912783065094112
0.3414847029926141
1.12665232223117
-1.842849265724638
1.362146228706891
1.065831159930958
-0.6832803719465983
-0.7264110045201694
-0.3557655920173702
-0.655884368004822
-0.1729256951867146
0.2435511380564642
0.02264521861671915
0.08466146629875226
0.04700874630907618
0.03786944180707592
0.02260636615134021
0.013659938133677
0.007619475512712239
0.004099898141059898
0.002165130908993134
0.001125505154180462
0.0005831910496864332
0.0003017892132330052
0.0001559543799647277
8.045565083777423e-05
4.147748371508842e-05
2.135897160895152e-05
1.09903847689743e-05
5.65143426221114e-06
2.902101788312104e-06
1.492186201264405e-06
7.626052829520642e-07
3.942624259476082e-07
2.005252572509655e-07
1.030180108533073e-07
5.226751851798309e-08
2.699366459181885e-08
1.326391587982907e-08
6.646335197544513e-09
3.359284012371583e-09
1.447290770733137e-09
8.760649522683837e-10
2.57512002902804e-10
2.389991800339211e-10
4.732731199144226e-11
8.635119196031653e-11
1.098421297173375e-11
3.756707917027803e-11
2.743859695176124e-12
1.741145472452448e-11
6.859509244008795e-13
8.362746208803447e-12
1.714868962352313e-13
